                      Team    1     2     3     4     5     6     7     8     9    10    11    12    13    14    15    16    17    18    19    20    Wins  Percentage
                  Adelaide   0.0   0.0   0.0   0.0   0.0 100.0   0.0   0.0   0.0   0.0   0.0   0.0   0.0   0.0   0.0   0.0   0.0   0.0   0.0   0.0   16.00  114.02
            Brisbane Lions   0.0   0.0  50.4  49.6   0.0   0.0   0.0   0.0   0.0   0.0   0.0   0.0   0.0   0.0   0.0   0.0   0.0   0.0   0.0   0.0   17.50  118.60
                   Carlton   0.0   0.0   0.0   0.0   0.0   0.0   0.0   0.0 100.0   0.0   0.0   0.0   0.0   0.0   0.0   0.0   0.0   0.0   0.0   0.0   13.50  100.70
               Collingwood   0.0   0.0   0.0   0.0   0.0   0.0   0.0   0.0   0.0 100.0   0.0   0.0   0.0   0.0   0.0   0.0   0.0   0.0   0.0   0.0   13.00  102.13
                  Essendon   0.0   0.0   0.0   0.0   0.0   0.0   0.0   0.0   0.0   0.0   0.0   0.0   0.0   0.0   0.0   0.0   0.0 100.0   0.0   0.0    2.00   64.61
                 Footscray   0.0   0.0   0.0   0.0   0.0   0.0   0.0 100.0   0.0   0.0   0.0   0.0   0.0   0.0   0.0   0.0   0.0   0.0   0.0   0.0   14.50   94.94
                 Fremantle  53.4  46.6   0.0   0.0   0.0   0.0   0.0   0.0   0.0   0.0   0.0   0.0   0.0   0.0   0.0   0.0   0.0   0.0   0.0   0.0   20.52  131.16
                       GWS   0.0   0.0   0.0   0.0   0.0   0.0   0.0   0.0   0.0   0.0   0.0 100.0   0.0   0.0   0.0   0.0   0.0   0.0   0.0   0.0   10.00   98.95
                   Geelong   0.0   0.0   0.0   0.0 100.0   0.0   0.0   0.0   0.0   0.0   0.0   0.0   0.0   0.0   0.0   0.0   0.0   0.0   0.0   0.0   16.00  121.19
                Gold Coast   0.0   0.0   0.0   0.0   0.0   0.0   0.0   0.0   0.0   0.0   0.0   0.0 100.0   0.0   0.0   0.0   0.0   0.0   0.0   0.0    9.00   94.50
                  Hawthorn   0.0   0.0  49.6  50.4   0.0   0.0   0.0   0.0   0.0   0.0   0.0   0.0   0.0   0.0   0.0   0.0   0.0   0.0   0.0   0.0   17.50  120.61
                 Melbourne   0.0   0.0   0.0   0.0   0.0   0.0 100.0   0.0   0.0   0.0   0.0   0.0   0.0   0.0   0.0   0.0   0.0   0.0   0.0   0.0   15.00  108.42
           North Melbourne   0.0   0.0   0.0   0.0   0.0   0.0   0.0   0.0   0.0   0.0   0.0   0.0   0.0 100.0   0.0   0.0   0.0   0.0   0.0   0.0    9.00   88.83
             Port Adelaide   0.0   0.0   0.0   0.0   0.0   0.0   0.0   0.0   0.0   0.0   0.0   0.0   0.0   0.0 100.0   0.0   0.0   0.0   0.0   0.0    7.00   88.09
                  Richmond   0.0   0.0   0.0   0.0   0.0   0.0   0.0   0.0   0.0   0.0   0.0   0.0   0.0   0.0   0.0   0.0 100.0   0.0   0.0   0.0    3.00   62.49
                  St Kilda   0.0   0.0   0.0   0.0   0.0   0.0   0.0   0.0   0.0   0.0 100.0   0.0   0.0   0.0   0.0   0.0   0.0   0.0   0.0   0.0   10.00  102.84
                    Sydney  46.6  53.4   0.0   0.0   0.0   0.0   0.0   0.0   0.0   0.0   0.0   0.0   0.0   0.0   0.0   0.0   0.0   0.0   0.0   0.0   19.48  135.52
                West Coast   0.0   0.0   0.0   0.0   0.0   0.0   0.0   0.0   0.0   0.0   0.0   0.0   0.0   0.0   0.0 100.0   0.0   0.0   0.0   0.0    4.00   69.22
             Winner of PF1   0.0   0.0   0.0   0.0   0.0   0.0   0.0   0.0   0.0   0.0   0.0   0.0   0.0   0.0   0.0   0.0   0.0   0.0  49.9  50.1    0.50   98.42
             Winner of PF2   0.0   0.0   0.0   0.0   0.0   0.0   0.0   0.0   0.0   0.0   0.0   0.0   0.0   0.0   0.0   0.0   0.0   0.0  50.1  49.9    0.50  109.44
